4
0
5.96195e+06
6
6
6
0
1
1
4
4
0
5.96195e+06
6
6
6
0
1
1
4
4
0
5.96195e+06
6
6
6
0
1
1
4
4
0
5.96195e+06
6
6
6
0
1
1
4
4
0
5.96195e+06
6
6
6
0
1
1
4
4
0
5.96195e+06
6
6
6
0
1
1
4
4
0
5.96195e+06
6
6
6
0
1
1
4
4
0
5.96195e+06
6
6
6
0
1
1
4
4
0
5.96195e+06
6
6
6
0
1
1
4
4
0
5.96195e+06
6
6
6
0
1
1
4
4
0
5.96195e+06
6
6
6
0
1
1
4
4
0
5.96195e+06
6
6
6
0
1
1
4
4
0
5.96195e+06
6
6
6
0
1
1
4
4
0
5.96195e+06
6
6
6
0
1
1
4
4
0
5.96195e+06
6
6
6
0
1
1
4
4
0
5.96195e+06
6
6
6
0
1
1
4
4
0
5.96195e+06
6
6
6
0
1
1
4
4
0
5.96195e+06
6
6
6
0
1
1
4
4
0
5.96195e+06
6
6
6
0
1
1
4
4
0
5.96195e+06
6
6
6
0
1
1
4
4
0
5.96195e+06
6
6
6
0
1
1
4
4
0
5.96195e+06
6
6
6
0
1
1
4
4
0
5.96195e+06
6
6
6
0
1
1
4
4
0
5.96195e+06
6
6
6
0
1
1
4
4
0
5.96195e+06
6
6
6
0
1
1
4
4
0
5.96195e+06
6
6
6
0
1
1
4
4
0
5.96195e+06
6
6
6
0
1
1
4
4
0
5.96195e+06
6
6
6
0
1
1
4
4
0
5.96195e+06
6
6
6
0
1
1
4
4
0
5.96195e+06
6
6
6
0
1
1
4
4
0
5.96195e+06
6
6
6
0
1
1
4
4
0
5.96195e+06
6
6
6
0
1
1
4
4
0
5.96195e+06
6
6
6
0
1
1
4
4
0
5.96195e+06
6
6
6
0
1
1
4
4
0
5.96195e+06
6
6
6
0
1
1
4
4
0
5.96195e+06
6
6
6
0
1
1
4
4
0
5.96195e+06
6
6
6
0
1
1
4
4
0
5.96195e+06
6
6
6
0
1
1
4
4
0
5.96195e+06
6
6
6
0
1
1
4
4
0
5.96195e+06
6
6
6
0
1
1
4
4
0
5.96195e+06
6
6
6
0
1
1
4
4
0
5.96195e+06
6
6
6
0
1
1
4
4
0
5.96195e+06
6
6
6
0
1
1
4
4
0
5.96195e+06
6
6
6
0
1
1
4
4
0
5.96195e+06
6
6
6
0
1
1
4
4
0
5.96195e+06
6
6
6
0
1
1
4
4
0
5.96195e+06
6
6
6
0
1
1
4
4
0
5.96195e+06
6
6
6
0
1
1
4
4
0
5.96195e+06
6
6
6
0
1
1
4
4
0
5.96195e+06
6
6
6
0
1
1
4
4
0
5.96195e+06
6
6
6
0
1
1
4
4
0
5.96195e+06
6
6
6
0
1
1
4
4
0
5.96195e+06
6
6
6
0
1
1
4
4
0
5.96195e+06
6
6
6
0
1
1
4
4
0
5.96195e+06
6
6
6
0
1
1
4
4
0
5.96195e+06
6
6
6
0
1
1
4
4
0
5.96195e+06
6
6
6
0
1
1
4
4
0
5.96195e+06
6
6
6
0
1
1
4
4
0
5.96195e+06
6
6
6
0
1
1
4
4
0
5.96195e+06
6
6
6
0
1
1
4
4
0
5.96195e+06
6
6
6
0
1
1
4
4
0
5.96195e+06
6
6
6
0
1
1
4
4
0
5.96195e+06
6
6
6
0
1
1
4
4
0
5.96195e+06
6
6
6
0
1
1
4
4
0
5.96195e+06
6
6
6
0
1
1
4
4
0
5.96195e+06
6
6
6
0
1
1
4
4
0
5.96195e+06
6
6
6
0
1
1
4
4
0
5.96195e+06
6
6
6
0
1
1
4
4
0
5.96195e+06
6
6
6
0
1
1
4
4
0
5.96195e+06
6
6
6
0
1
1
4
4
0
5.96195e+06
6
6
6
0
1
1
4
4
0
5.96195e+06
6
6
6
0
1
1
4
4
0
5.96195e+06
6
6
6
0
1
1
4
4
0
5.96195e+06
6
6
6
0
1
1
4
4
0
5.96195e+06
6
6
6
0
1
1
4
4
0
5.96195e+06
6
6
6
0
1
1
4
4
0
5.96195e+06
6
6
6
0
1
1
4
4
0
5.96195e+06
6
6
6
0
1
1
4
4
0
5.96195e+06
6
6
6
0
1
1
4
4
0
5.96195e+06
6
6
6
0
1
1
4
4
0
5.96195e+06
6
6
6
0
1
1
4
4
0
5.96195e+06
6
6
6
0
1
1
4
4
0
5.96195e+06
6
6
6
0
1
1
4
4
0
5.96195e+06
6
6
6
0
1
1
4
4
0
5.96195e+06
6
6
6
0
1
1
4
4
0
5.96195e+06
6
6
6
0
1
1
4
4
0
5.96195e+06
6
6
6
0
1
1
4
4
0
5.96195e+06
6
6
6
0
1
1
4
4
0
5.96195e+06
6
6
6
0
1
1
4
4
0
5.96195e+06
6
6
6
0
1
1
4
4
0
5.96195e+06
6
6
6
0
1
1
4
4
0
5.96195e+06
6
6
6
0
1
1
4
4
0
5.96195e+06
6
6
6
0
1
1
4
4
0
5.96195e+06
6
6
6
0
1
1
4
4
0
5.96195e+06
6
6
6
0
1
1
4
4
0
5.96195e+06
6
6
6
0
1
1
4
4
0
5.96195e+06
6
6
6
0
1
1
4
4
0
5.96195e+06
6
6
6
0
1
1
4
4
0
5.96195e+06
6
6
6
0
1
1
4
4
0
5.96195e+06
6
6
6
0
1
1
4
10000
0
11400
6
6
6
0
1
0
0
10000
0
14800
6
6
6
0
1
0
0
10100
0
10400
6
6
6
0
1
0
0
10100
0
11600
6
6
6
0
1
0
0
10000
0
10400
6
6
6
0
1
0
0
10052.9
0
12346.8
6
6
6
0
1
0
0
10100
0
13200
6
6
6
1
1
0
0
10100
0
13300
6
6
6
1
1
0
0
10100
0
13900
6
6
6
1
1
0
0
10100
0
11900
6
6
6
0
1
0
0
10200
0
10200
6
6
6
0
1
0
0
10200
0
11800
6
6
6
0
1
0
0
10200
0
12800
6
6
6
1
1
0
0
10090.1
0
12852.3
6
6
6
1
1
0
0
10100
0
14900
6
6
6
0
1
0
0
10200
0
14600
6
6
6
1
1
0
0
10200
0
14800
6
6
6
0
1
0
0
10300
0
10400
6
6
6
0
1
0
0
10300
0
13500
6
6
6
1
1
0
0
10200
0
14300
6
6
6
1
1
0
0
10333.1
0
13541
6
6
6
1
1
0
0
10400
0
14100
6
6
6
1
1
0
0
10232.8
0
14088.2
6
6
6
1
1
0
0
10400
0
14300
6
6
6
1
1
0
0
10400
0
11600
6
6
6
0
1
0
0
10500
0
13200
6
6
6
0
1
0
0
10600
0
10500
6
6
6
0
1
0
0
10600
0
11600
6
6
6
0
1
0
0
10600
0
13400
6
6
6
0
1
0
0
10500
0
12000
6
6
6
0
1
0
0
10700
0
11300
6
6
6
0
1
0
0
10700
0
11400
6
6
6
0
1
0
0
10640.5
0
12928.5
6
6
6
0
1
0
0
10700
0
13700
6
6
6
0
1
0
0
10700
0
11200
6
6
6
0
1
0
0
10800
0
11600
6
6
6
0
1
0
0
10731.9
0
12467.5
6
6
6
0
1
0
0
10800
0
12700
6
6
6
0
1
0
0
10900
0
10500
6
6
6
0
1
0
0
10700
0
14200
6
6
6
0
1
0
0
10900
0
11100
6
6
6
0
1
0
0
10900
0
12100
6
6
6
0
1
0
0
10900
0
13500
6
6
6
0
1
0
0
10900
0
14000
6
6
6
0
1
0
0
10900
0
10900
6
6
6
0
1
0
0
11000
0
11300
6
6
6
0
1
0
0
11000
0
11800
6
6
6
0
1
0
0
11000
0
12100
6
6
6
0
1
0
0
11000
0
13200
6
6
6
0
1
0
0
11000
0
10100
6
6
6
0
1
0
0
11100
0
10300
6
6
6
0
1
0
0
11100
0
11100
6
6
6
0
1
0
0
11100
0
14200
6
6
6
0
1
0
0
11100
0
14600
6
6
6
0
1
0
0
11000
0
14400
6
6
6
0
1
0
0
11200
0
11700
6
6
6
0
1
0
0
11200
0
13300
6
6
6
0
1
0
0
11300
0
11600
6
6
6
0
1
0
0
11300
0
11900
6
6
6
0
1
0
0
11200
0
10700
6
6
6
0
1
0
0
11300
0
12500
6
6
6
0
1
0
0
11300
0
13100
6
6
6
0
1
0
0
11300
0
13800
6
6
6
0
1
0
0
11300
0
13900
6
6
6
0
1
0
0
11300
0
12100
6
6
6
0
1
0
0
11500
0
10900
6
6
6
0
1
0
0
11393
0
12028
6
6
6
0
1
0
0
11491.9
0
13785.3
6
6
6
0
1
0
0
11500
0
14100
6
6
6
0
1
0
0
11500
0
10700
6
6
6
0
1
0
0
11500
0
14700
6
6
6
0
1
0
0
11600
0
10000
6
6
6
0
1
0
0
11600
0
10600
6
6
6
0
1
0
0
11600
0
11100
6
6
6
0
1
0
0
11500
0
14200
6
6
6
0
1
0
0
11600
0
14300
6
6
6
0
1
0
0
11600
0
14500
6
6
6
0
1
0
0
11600
0
14700
6
6
6
0
1
0
0
11700
0
10400
6
6
6
0
1
0
0
11600
0
12900
6
6
6
0
1
0
0
11700
0
12600
6
6
6
0
1
0
0
11471.6
0
13371.6
6
6
6
0
1
0
0
11426.2
0
13453.4
6
6
6
0
1
0
0
11700
0
13500
6
6
6
0
1
0
0
11700
0
11600
6
6
6
0
1
0
0
11700
0
14400
6
6
6
0
1
0
0
11800
0
10700
6
6
6
0
1
0
0
11776.8
0
12633.2
6
6
6
0
1
0
0
11590.3
0
12655.4
6
6
6
0
1
0
0
11584.9
0
14039.3
6
6
6
0
1
0
0
11900
0
10000
6
6
6
0
1
0
0
11900
0
10500
6
6
6
0
1
0
0
11900
0
10900
6
6
6
0
1
0
0
11900
0
11700
6
6
6
0
1
0
0
11800
0
13000
6
6
6
0
1
0
0
11900
0
14600
6
6
6
0
1
0
0
11900
0
14800
6
6
6
0
1
0
0
12000
0
10100
6
6
6
0
1
0
0
12000
0
10800
6
6
6
0
1
0
0
11900
0
14500
6
6
6
0
1
0
0
12000
0
14400
6
6
6
0
1
0
0
12000
0
14900
6
6
6
0
1
0
0
12100
0
10200
6
6
6
0
1
0
0
12100
0
10600
6
6
6
0
1
0
0
12000
0
13900
6
6
6
0
1
0
0
12200
0
10900
6
6
6
0
1
0
0
12200
0
12000
6
6
6
0
1
0
0
12200
0
13800
6
6
6
0
1
0
0
12300
0
10600
6
6
6
0
1
0
0
12100
0
11600
6
6
6
0
1
0
0
12300
0
13000
6
6
6
0
1
0
0
12400
0
10900
6
6
6
0
1
0
0
12400
0
11900
6
6
6
0
1
0
0
12218.9
0
13267
6
6
6
0
1
0
0
12300
0
11100
6
6
6
0
1
0
0
12500
0
10900
6
6
6
0
1
0
0
12500
0
11300
6
6
6
0
1
0
0
12500
0
12100
6
6
6
0
1
0
0
12500
0
12200
6
6
6
0
1
0
0
12400
0
14600
6
6
6
0
1
0
0
12500
0
13800
6
6
6
0
1
0
0
12500
0
14200
6
6
6
0
1
0
0
12600
0
10200
6
6
6
0
1
0
0
12600
0
11100
6
6
6
0
1
0
0
12500
0
13400
6
6
6
0
1
0
0
12586.9
0
13626.8
6
6
6
0
1
0
0
12700
0
14100
6
6
6
0
1
0
0
12700
0
14600
6
6
6
0
1
0
0
12800
0
11700
6
6
6
0
1
0
0
12600
0
12400
6
6
6
0
1
0
0
12800
0
14400
6
6
6
0
1
0
0
12800
0
14900
6
6
6
0
1
0
0
12900
0
10600
6
6
6
0
1
0
0
12900
0
12400
6
6
6
0
1
0
0
12800
0
12200
6
6
6
0
1
0
0
12900
0
13600
6
6
6
0
1
0
0
12900
0
14400
6
6
6
0
1
0
0
13000
0
10600
6
6
6
0
1
0
0
13000
0
11300
6
6
6
0
1
0
0
12817.4
0
12846.3
6
6
6
0
1
0
0
13000
0
14200
6
6
6
0
1
0
0
13100
0
10200
6
6
6
0
1
0
0
13100
0
10900
6
6
6
0
1
0
0
13100
0
12300
6
6
6
0
1
0
0
13000
0
12800
6
6
6
0
1
0
0
13200
0
12700
6
6
6
0
1
0
0
13200
0
14300
6
6
6
0
1
0
0
13200
0
14900
6
6
6
0
1
0
0
13300
0
11600
6
6
6
0
1
0
0
13100
0
13200
6
6
6
0
1
0
0
13300
0
14200
6
6
6
0
1
0
0
13300
0
14500
6
6
6
0
1
0
0
13400
0
11300
6
6
6
0
1
0
0
13400
0
11800
6
6
6
0
1
0
0
13300
0
14100
6
6
6
0
1
0
0
13500
0
10300
6
6
6
0
1
0
0
13500
0
11200
6
6
6
0
1
0
0
13500
0
12200
6
6
6
0
1
0
0
13600
0
10100
6
6
6
0
1
0
0
13500
0
10200
6
6
6
0
1
0
0
13600
0
11300
6
6
6
0
1
0
0
13600
0
11900
6
6
6
0
1
0
0
13600
0
12200
6
6
6
0
1
0
0
13600
0
12900
6
6
6
0
1
0
0
13600
0
10800
6
6
6
0
1
0
0
13600
0
13700
6
6
6
0
1
0
0
13700
0
10300
6
6
6
0
1
0
0
13700
0
11900
6
6
6
0
1
0
0
13700
0
12400
6
6
6
0
1
0
0
13600
0
13100
6
6
6
0
1
0
0
13700
0
13200
6
6
6
0
1
0
0
13700
0
13300
6
6
6
0
1
0
0
13700
0
13700
6
6
6
0
1
0
0
13700
0
14800
6
6
6
0
1
0
0
13700
0
12700
6
6
6
0
1
0
0
13800
0
11900
6
6
6
0
1
0
0
13800
0
13100
6
6
6
0
1
0
0
13800
0
14400
6
6
6
0
1
0
0
13900
0
10800
6
6
6
0
1
0
0
13800
0
10500
6
6
6
0
1
0
0
13900
0
11800
6
6
6
0
1
0
0
13900
0
12800
6
6
6
0
1
0
0
14000
0
10000
6
6
6
0
1
0
0
14000
0
10400
6
6
6
0
1
0
0
13900
0
11000
6
6
6
0
1
0
0
14000
0
11300
6
6
6
0
1
0
0
14000
0
12000
6
6
6
0
1
0
0
14000
0
12300
6
6
6
0
1
0
0
14000
0
12700
6
6
6
0
1
0
0
14000
0
10500
6
6
6
0
1
0
0
14100
0
10600
6
6
6
0
1
0
0
14100
0
11200
6
6
6
0
1
0
0
14100
0
11800
6
6
6
0
1
0
0
