0
362.216
0.416284
2378.76
100
5
1
0
800
0
2800
100
5
1
0
900
0
2400
100
5
1
0
901.697
0
2935.47
100
5
1
0
987.27
0.142768
2600.81
100
5
1
0
983.516
0
3118.7
100
5
1
0
1263.4
0.504125
3320.12
100
5
1
0
99.4081
0
2727.47
100
5
1
0
100
0
3300
100
5
1
0
332.589
0
3506.12
100
5
1
0
100
0
3900
100
5
1
0
400
0
2200
100
5
1
0
400
0
2300
100
5
1
0
301.527
0
2959.5
100
5
1
0
700
0
3800
100
5
1
0
630.818
0
2598.24
100
5
1
0
1123.27
0
3022.77
100
5
1
0
990.555
0
3508.07
100
5
1
0
1200
0
3100
100
5
1
0
1500
0
3900
100
5
1
0
1397.84
0
2000.1
100
5
1
0
1600
0
2800
100
5
1
0
1700
0
2600
100
5
1
1
1800
0
2400
100
5
1
1
1900
0
3400
100
5
1
