-572662307
-572662307
-572662307
-572662307
-572662307
-572662307
-572662307
-572662307
-1.45682e+144
-1.45682e+144
-572662307
-572662307
-572662307
-572662307
-572662307
-572662307
-572662307
-572662307
-1.45682e+144
-1.45682e+144
-572662307
-572662307
-572662307
-572662307
-572662307
-572662307
-572662307
-572662307
-1.45682e+144
-1.45682e+144
-572662307
-572662307
-572662307
-572662307
-572662307
-572662307
-572662307
-572662307
-1.45682e+144
-1.45682e+144
-572662307
-572662307
-572662307
-572662307
-572662307
-572662307
-572662307
-572662307
-1.45682e+144
-1.45682e+144
-572662307
-572662307
-572662307
-572662307
-572662307
-572662307
-572662307
-572662307
-1.45682e+144
-1.45682e+144
63
144
0
0
0
0
0
0
0
0
1195853639
71
1413957447
1195853639
1195853639
1195853639
1195853639
1195853639
9.94457e+97
2.41737e+35
1195853652
1195853639
1195853639
1195853639
1195853639
1195853639
1195853639
1195853652
2.41737e+35
2.41737e+35
1195853639
1196705607
1195853639
1195853639
1195853639
1195856967
1195853639
1195853639
1.51253e-312
-4.89068e-311
1195853639
1195853639
1195853639
1195853639
1195853639
1195853639
1195853639
1195853639
2.41737e+35
2.41737e+35
1195853639
1195853639
1195853639
1195853639
1195853639
1195853639
1195853652
1195853639
2.41737e+35
2.41737e+35
1195853639
1195853639
-1057839522
-2147481088
1195853639
71
1195853639
1195853639
2.41737e+35
2.41737e+35
1195853639
1195853639
1195853639
1195853639
1195853639
1195853639
1195853639
1195853639
2.41737e+35
2.41737e+35
1195853639
1195853639
1195853639
1413957447
1195853639
1195856967
1195853639
1195853639
2.41737e+35
2.41737e+35
1195853639
1195853639
1195853639
1195853639
1195853639
1195853639
1413957447
1195853639
2.41737e+35
2.41737e+35
1195853639
1195853639
1195853639
1195853639
1195853639
1195853639
1195853639
1196705607
2.41737e+35
2.41737e+35
1195853639
1195853639
1195853639
1195853639
1195853652
1195853639
-1069701349
-2147483392
2.41737e+35
-0.01
126
122
0
0
0
0
0
0
0
0
128
124
0
0
0
0
0
0
0
0
127
125
0
0
0
0
0
0
0
0
