0
100
0
1100
6
6
6
1
0
0
1
100
0
1200
6
6
6
1
0
0
0
200
0
1200
6
6
6
1
0
0
1
370.534
0
991.542
6
6
6
1
0
0
2
412.456
0
384.938
6
6
6
1
0
0
0
300
0
800
6
6
6
1
0
0
0
0
0
418.148
6
6
6
1
0
0
0
0
0
800
6
6
6
1
0
0
1
200
0
100
6
6
6
1
0
0
1
300
0
800
6
6
6
1
0
0
2
300
0
900
6
6
6
1
0
0
0
500
0
100
6
6
6
1
0
0
1
600
0
0
6
6
6
1
0
0
1
600
0
700
6
6
6
1
0
0
0
484.168
0
1166.05
6
6
6
1
0
0
0
650.174
0
1192.72
6
6
6
1
0
0
2
822.122
0
155.501
6
6
6
1
0
0
1
600
0
800
6
6
6
1
0
0
2
1000
0
600
6
6
6
1
0
0
1
1100
0
800
6
6
6
1
0
0
2
1200
0
500
6
6
6
1
0
0
2
1300
0
700
6
6
6
1
0
0
