0
0
0
709.845
100
5
1
0
100
0
1000
100
5
1
0
100
0
1100
100
5
1
0
43.4369
0
600.83
100
5
1
0
34.3583
0
633.904
90
5
1
0
500
0
800
100
5
1
0
613.724
0
475.74
100
5
1
0
200
0
1000
100
5
1
0
796.404
0
1105.98
100
5
1
0
1300
0
100
100
5
1
0
678.858
0
88.0828
100
5
1
0
1300
0
600
100
5
1
0
0
0
632.138
100
5
1
0
0
0
1000
100
5
1
0
284.026
0
167.508
100
5
1
0
200
0
900
100
5
1
0
300
0
600
100
5
1
0
607.302
0
445.26
100
5
1
0
600
0
700
100
5
1
0
600
0
1200
100
5
1
0
700
0
700
100
5
1
0
400
0
1200
100
5
1
0
800
0
600
100
5
1
0
900
0
400
100
5
1
0
900
0
1100
100
5
1
0
844.331
0
45.595
100
5
1
0
1200
0
1100
100
5
1
