1
9.49884
0.857524
0
6
6
6
1
0
0
1
281.51
0.659354
297.263
6
6
6
1
0
0
2
310.664
0
16.0073
6
6
6
1
0
0
1
491.869
0
570.832
6
6
6
1
0
0
1
1100
0
300
6
6
6
1
0
0
0
112.022
0
39.6636
6
6
6
1
0
0
0
872.129
0.849485
387.882
6
6
6
1
0
0
1
1005.56
0.322234
387.381
6
6
6
1
0
0
2
1100
0
500
6
6
6
1
0
0
2
392.403
0.654325
497.461
6
6
6
1
0
0
1
276.196
0.85095
674.411
6
6
6
1
0
0
0
132.497
0
61.9758
6
6
6
1
0
0
1
91.4396
0.217392
247.817
6
6
6
1
0
0
0
587.789
0.617899
501.856
6
6
6
1
0
0
0
372.511
0.86371
614.652
6
6
6
1
0
0
0
415.415
0.851611
529.225
6
6
6
1
0
0
0
619.184
0.708747
23.4187
6
6
6
1
0
0
1
837.504
0
41.1794
6
6
6
1
0
0
