0
456.362
0.84184
177.626
100
5
1
0
23.9148
0.978596
325.4
100
5
1
0
703.44
0.856616
228.962
100
5
1
0
421.898
0.979125
73.9512
100
5
1
0
459.956
0.978256
858.943
100
5
1
0
663.79
0.852446
416.157
100
5
1
0
549.752
0
1002.41
100
5
1
0
1112.44
0
574.356
100
5
1
0
15.2823
0.851192
389.165
100
5
1
0
111.774
0
28.5481
100
5
1
0
112.688
0
41.1814
100
5
1
0
567.159
0.605889
470.365
100
5
1
0
282.162
0.977853
530.883
100
5
1
0
548.076
0
867.852
100
5
1
0
501.371
0.978223
11.0192
100
5
1
0
1124.79
0
484.297
100
5
1
